Iter 0

Size = 8
Data size = 36
[ 217.005 55.5638 -665.544 -238.369 -339.089 63.846 4946.57 -4137.74 ;
55.5638 653.365 5.04989 369.869 -266.343 -35.0687 378.064 2298.4 ;
-665.544 5.04989 2348.76 840.669 1197.23 -293.855 -17465.5 17478.4 ;
-238.369 369.869 840.669 739.777 51.6203 -105.054 -5981.37 6254.97 ;
-339.089 -266.343 1197.23 51.6203 945.08 -149.908 -9087.67 8909.87 ;
63.846 -35.0687 -293.855 -105.054 -149.908 51.0983 2186.74 -2605.77 ;
4946.57 378.064 -17465.5 -5981.37 -9087.67 2186.74 227390 -130387 ;
-4137.74 2298.4 17478.4 6254.97 8909.87 -2605.77 -130387 39639.8 ;
]
+++++++++++++
Iter 2

Size = 8
Data size = 36
[ 112.713 69.2658 -266.554 -98.8374 -133.449 8.02832 3485.82 -6549.32 ;
69.2658 192.256 14.0839 16.0446 -0.785596 -45.9698 270.533 2820.93 ;
-266.554 14.0839 931.901 345.144 466.937 -115.099 -12192.9 25988.9 ;
-98.8374 16.0446 345.144 141.654 160.929 -42.5434 -4222.07 9625.45 ;
-133.449 -0.785596 466.937 160.929 244.756 -57.7514 -6310.88 13021.5 ;
8.02832 -45.9698 -115.099 -42.5434 -57.7514 32.5713 1507.11 -3670.77 ;
3485.82 270.533 -12192.9 -4222.07 -6310.88 1507.11 120569 -341034 ;
-6549.32 2820.93 25988.9 9625.45 13021.5 -3670.77 -341034 904439 ;
]
+++++++++++++
Iter 3

Size = 8
Data size = 36
[ 146.014 84.0726 -371.035 -128.752 -192.518 18.2955 3456.15 -6441.73 ;
84.0726 302.164 2.63336 69.8916 -48.7041 -51.5806 355.563 2145.05 ;
-371.035 2.63336 1330.11 461.092 690.614 -170.105 -12397.8 25752.9 ;
-128.752 69.8916 461.092 242.238 168.653 -58.8699 -4066.98 8926.15 ;
-192.518 -48.7041 690.614 168.653 421.489 -88.415 -6589.27 13372 ;
18.2955 -51.5806 -170.105 -58.8699 -88.415 43.3727 1586.99 -3666.48 ;
3456.15 355.563 -12397.8 -4066.98 -6589.27 1586.99 116510 -240780 ;
-6441.73 2145.05 25752.9 8926.15 13372 -3666.48 -240780 522740 ;
]
+++++++++++++
Iter 4

Size = 8
Data size = 36
[ 177.052 161.413 -404.212 -108.691 -233.5 6.10241 1480.84 -3574.57 ;
161.413 625.24 -66.1125 172.278 -174.937 -78.1725 221.465 508.552 ;
-404.212 -66.1125 1592.8 427.715 920.654 -228.542 -5841 15407.3 ;
-108.691 172.278 427.715 327.148 67.6632 -61.2592 -1643.77 4135.3 ;
-233.5 -174.937 920.654 67.6632 689.689 -132.202 -3298.57 8906.94 ;
6.10241 -78.1725 -228.542 -61.2592 -132.202 72.0352 839.054 -2331.42 ;
1480.84 221.465 -5841 -1643.77 -3298.57 839.054 25274.1 -56659.4 ;
-3574.57 508.552 15407.3 4135.3 8906.94 -2331.42 -56659.4 140849 ;
]
+++++++++++++
Iter 5

Size = 8
Data size = 36
[ 208.597 283.678 -315.431 -57.3862 -200.871 -49.1648 545.979 -1897.17 ;
283.678 996.671 -106.967 247.557 -265.449 -140.657 -249.764 -1118.13 ;
-315.431 -106.967 1536.85 278.887 979.307 -266.734 -2664.21 7145.25 ;
-57.3862 247.557 278.887 324.187 -48.6588 -48.2915 -814.504 1295.5 ;
-200.871 -265.449 979.307 -48.6588 817.016 -170.064 -1446.37 4553.88 ;
-49.1648 -140.657 -266.734 -48.2915 -170.064 128.365 462.963 -882.899 ;
545.979 -249.764 -2664.21 -814.504 -1446.37 462.963 5677.04 -12422.1 ;
-1897.17 -1118.13 7145.25 1295.5 4553.88 -882.899 -12422.1 35055.3 ;
]
+++++++++++++
Iter 6

Size = 8
Data size = 36
[ 320.904 445.582 -182.94 -34.2168 -114.406 -190.666 310.299 -1190.17 ;
445.582 1333 24.4884 187.858 -127.591 -269.529 -378.179 -2175.34 ;
-182.94 24.4884 1091.86 203.673 683.29 -208.143 -1854.25 2047.29 ;
-34.2168 187.858 203.673 218.212 -19.9506 -38.7505 -571.953 381.568 ;
-114.406 -127.591 683.29 -19.9506 549.966 -130.322 -997.266 1281.46 ;
-190.666 -269.529 -208.143 -38.7505 -130.322 234.474 353.693 94.5143 ;
310.299 -378.179 -1854.25 -571.953 -997.266 353.693 1687.1 -3488.12 ;
-1190.17 -2175.34 2047.29 381.568 1281.46 94.5143 -3488.12 9799.73 ;
]
+++++++++++++
Iter 9

Size = 8
Data size = 36
[ 317.735 411.944 -252.111 -56.3981 -151.005 -165.143 790.826 -1224.62 ;
411.944 1286.3 103.151 193.994 -69.9117 -271.531 -645.584 -1807.96 ;
-252.111 103.151 1473.96 329.003 883.475 -276.977 -4628.95 2800.64 ;
-56.3981 193.994 329.003 244.788 56.2897 -61.7227 -1237.01 624.686 ;
-151.005 -69.9117 883.475 56.2897 647.611 -166.104 -2631.01 1679.01 ;
-165.143 -271.531 -276.977 -61.7227 -166.104 235.01 870.335 -108.243 ;
790.826 -645.584 -4628.95 -1237.01 -2631.01 870.335 15702.1 -8824.31 ;
-1224.62 -1807.96 2800.64 624.686 1679.01 -108.243 -8824.31 8566.62 ;
]
+++++++++++++
Iter 10

Size = 8
Data size = 36
[ 372.596 501.035 -260.327 -58.4222 -155.813 -203.632 711.931 -1096.11 ;
501.035 1540.64 92.7234 214.832 -93.8718 -318.995 -570.599 -1775.93 ;
-260.327 92.7234 1473.57 330.027 882.553 -270.369 -4034.04 2405.73 ;
-58.4222 214.832 330.027 268.706 37.4002 -60.4563 -1104.02 538.429 ;
-155.813 -93.8718 882.553 37.4002 662.964 -162.014 -2274.95 1441.13 ;
-203.632 -318.995 -270.369 -60.4563 -162.014 265.181 740.533 -89.5469 ;
711.931 -570.599 -4034.04 -1104.02 -2274.95 740.533 11941.8 -6607.07 ;
-1096.11 -1775.93 2405.73 538.429 1441.13 -89.5469 -6607.07 6625.92 ;
]
+++++++++++++
Iter 12

Size = 8
Data size = 36
[ 385.805 532.867 -270.101 -59.7961 -162.387 -207.861 697.909 -1025.44 ;
532.867 1622 65.2249 214.458 -114.451 -328.248 -488.748 -1661.99 ;
-270.101 65.2249 1463.03 323.28 880.121 -260.502 -3784.01 2418.11 ;
-59.7961 214.458 323.28 272.484 29.0042 -57.4699 -1042.05 533.963 ;
-162.387 -114.451 880.121 29.0042 668.346 -156.792 -2130.37 1454.95 ;
-207.861 -328.248 -260.502 -57.4699 -156.792 263.88 674.098 -147.558 ;
697.909 -488.748 -3784.01 -1042.05 -2130.37 674.098 10500 -6273.87 ;
-1025.44 -1661.99 2418.11 533.963 1454.95 -147.558 -6273.87 6571.98 ;
]
+++++++++++++
Iter 13

Size = 8
Data size = 36
[ 384.859 527.402 -288.781 -62.7094 -174.224 -201.159 503.161 -1008.87 ;
527.402 1735.47 50.053 319.89 -208.764 -319.078 -460.913 -1638.68 ;
-288.781 50.053 1545.45 334.941 932.953 -271.659 -2695.18 2555.82 ;
-62.7094 319.89 334.941 381.066 -51.1991 -58.7751 -825.988 553.489 ;
-174.224 -208.764 932.953 -51.1991 775.053 -164.082 -1455.6 1543.22 ;
-201.159 -319.078 -271.659 -58.7751 -164.082 261.878 473.964 -211.883 ;
503.161 -460.913 -2695.18 -825.988 -1455.6 473.964 5652.68 -4471 ;
-1008.87 -1638.68 2555.82 553.489 1543.22 -211.883 -4471 6348.08 ;
]
+++++++++++++
Iter 14

Size = 8
Data size = 36
[ 385.644 533.674 -274.18 -58.576 -166.19 -206.602 476.986 -1007.23 ;
533.674 1720.94 44.4381 297.057 -195.284 -321.526 -439.414 -1693.11 ;
-274.18 44.4381 1475.47 314.591 894.875 -260.58 -2569.23 2435.27 ;
-58.576 297.057 314.591 354.026 -44.8943 -55.4633 -783.833 518.838 ;
-166.19 -195.284 894.875 -44.8943 739.812 -158.125 -1390.33 1477.3 ;
-206.602 -321.526 -260.58 -55.4633 -158.125 262.89 453.947 -176.297 ;
476.986 -439.414 -2569.23 -783.833 -1390.33 453.947 5004.24 -4253.65 ;
-1007.23 -1693.11 2435.27 518.838 1477.3 -176.297 -4253.65 6573.47 ;
]
+++++++++++++
Iter 15

Size = 8
Data size = 36
[ 385.756 531.761 -272.586 -57.1993 -167.254 -206.61 480.512 -1017.14 ;
531.761 1737.33 65.6348 289.201 -166.66 -326.457 -445.492 -1654.33 ;
-272.586 65.6348 1470.39 307.906 902.769 -259.798 -2594.48 2427.21 ;
-57.1993 289.201 307.906 346.481 -44.2551 -54.3054 -779.328 507.895 ;
-167.254 -166.66 902.769 -44.2551 752.329 -159.592 -1417.55 1490.5 ;
-206.61 -326.457 -259.798 -54.3054 -159.592 261.791 458.621 -169.362 ;
480.512 -445.492 -2594.48 -779.328 -1417.55 458.621 5030.44 -4295.81 ;
-1017.14 -1654.33 2427.21 507.895 1490.5 -169.362 -4295.81 6586.63 ;
]
+++++++++++++
Iter 16

Size = 8
Data size = 36
[ 386.363 537.61 -272.372 -57.0029 -166.556 -206.327 476.631 -1021.86 ;
537.61 1734.33 49.1891 287.954 -181.447 -324.819 -437.374 -1666.69 ;
-272.372 49.1891 1467.69 306.512 898.067 -258.516 -2570.88 2422.31 ;
-57.0029 287.954 306.512 344.39 -43.8109 -53.8891 -777.677 505.485 ;
-166.556 -181.447 898.067 -43.8109 744.735 -158.27 -1399.23 1482.48 ;
-206.327 -324.819 -258.516 -53.8891 -158.27 260.033 453.044 -169.507 ;
476.631 -437.374 -2570.88 -777.677 -1399.23 453.044 4972.2 -4256.03 ;
-1021.86 -1666.69 2422.31 505.485 1482.48 -169.507 -4256.03 6604.82 ;
]
+++++++++++++
Iter 17

Size = 8
Data size = 36
[ 386.139 536.601 -272.229 -56.9995 -166.491 -206.285 476.675 -1019.94 ;
536.601 1733.7 50.7486 287.881 -179.974 -324.519 -438.018 -1668.08 ;
-272.229 50.7486 1466.71 306.45 897.591 -258.186 -2570.73 2419.68 ;
-56.9995 287.881 306.45 344.269 -43.7698 -53.8453 -777.086 505.171 ;
-166.491 -179.974 897.591 -43.7698 744.579 -158.089 -1399.71 1481.07 ;
-206.285 -324.519 -258.186 -53.8453 -158.089 259.935 452.74 -171.531 ;
476.675 -438.018 -2570.73 -777.086 -1399.71 452.74 4966.49 -4254 ;
-1019.94 -1668.08 2419.68 505.171 1481.07 -171.531 -4254 6614.11 ;
]
+++++++++++++
Iter 18

Size = 8
Data size = 36
[ 386.162 536.771 -272.233 -56.9939 -166.484 -206.279 476.593 -1020.18 ;
536.771 1733.69 50.3523 287.85 -180.323 -324.507 -437.8 -1668.21 ;
-272.233 50.3523 1466.72 306.417 897.542 -258.179 -2570.27 2419.7 ;
-56.9939 287.85 306.417 344.224 -43.7632 -53.8377 -777.075 505.119 ;
-166.484 -180.323 897.542 -43.7632 744.459 -158.076 -1399.32 1481 ;
-206.279 -324.507 -258.179 -53.8377 -158.076 259.901 452.644 -171.39 ;
476.593 -437.8 -2570.27 -777.075 -1399.32 452.644 4965.67 -4253.26 ;
-1020.18 -1668.21 2419.7 505.119 1481 -171.39 -4253.26 6614.15 ;
]
+++++++++++++
