============== BHHH ===============

Size = 8
Data size = 36
[ 384.815 530.603 -273.893 -57.5448 -167.191 -205.933 477.07 -1019.52 ;
530.603 1725.86 60.7391 287.485 -171.213 -325.083 -451.093 -1647.26 ;
-273.893 60.7391 1485.12 310.681 908.243 -262.494 -2587.7 2461.21 ;
-57.5448 287.485 310.681 343.942 -40.7681 -54.8668 -774.145 515.49 ;
-167.191 -171.213 908.243 -40.7681 750.943 -160.65 -1416.74 1504.08 ;
-205.933 -325.083 -262.494 -54.8668 -160.65 261.831 457.225 -182.814 ;
477.07 -451.093 -2587.7 -774.145 -1416.74 457.225 4937.43 -4297.84 ;
-1019.52 -1647.26 2461.21 515.49 1504.08 -182.814 -4297.84 6615.26 ;
]

============== Hessian ===============

Size = 8
Data size = 36
[ 386.162 536.771 -272.233 -56.9939 -166.484 -206.279 476.593 -1020.18 ;
536.771 1733.69 50.3523 287.85 -180.323 -324.507 -437.8 -1668.21 ;
-272.233 50.3523 1466.72 306.417 897.542 -258.179 -2570.27 2419.7 ;
-56.9939 287.85 306.417 344.224 -43.7632 -53.8377 -777.075 505.119 ;
-166.484 -180.323 897.542 -43.7632 744.459 -158.076 -1399.32 1481 ;
-206.279 -324.507 -258.179 -53.8377 -158.076 259.901 452.644 -171.39 ;
476.593 -437.8 -2570.27 -777.075 -1399.32 452.644 4965.67 -4253.26 ;
-1020.18 -1668.21 2419.7 505.119 1481 -171.39 -4253.26 6614.15 ;
]

