Iter 0

Size = 6
Data size = 21
[ 1434.13 -636.791 1252.4 -447.561 -354.608 -156.895 ;
-636.791 2455.92 5.6138 877.295 507.843 -307.862 ;
1252.4 5.6138 2456.94 879.378 -696.02 -307.528 ;
-447.561 877.295 879.378 1357.97 -249.303 -109.928 ;
-354.608 507.843 -696.02 -249.303 451.767 -87.1909 ;
-156.895 -307.862 -307.528 -109.928 -87.1909 167.601 ;
]
+++++++++++++
Iter 1

Size = 6
Data size = 21
[ 1322.94 -510.428 1246.85 -339.211 -317.329 -176.234 ;
-510.428 2427.9 127.742 826.668 519.913 -348.383 ;
1246.85 127.742 2419.15 840.6 -616.047 -341.657 ;
-339.211 826.668 840.6 1197.89 -214.257 -118.566 ;
-317.329 519.913 -616.047 -214.257 441.242 -111.022 ;
-176.234 -348.383 -341.657 -118.566 -111.022 198.739 ;
]
+++++++++++++
Iter 2

Size = 6
Data size = 21
[ 994.319 -252.951 1083.24 -139.525 -219.588 -182.594 ;
-252.951 2111.91 258.194 603.157 504.74 -369.417 ;
1083.24 258.194 2013.17 626.881 -408.401 -339.098 ;
-139.525 603.157 626.881 763.293 -127.355 -105.441 ;
-219.588 504.74 -408.401 -127.355 402.216 -166.33 ;
-182.594 -369.417 -339.098 -105.441 -166.33 249.366 ;
]
+++++++++++++
Iter 3

Size = 6
Data size = 21
[ 766.569 -165.988 904.172 -56.7975 -167.28 -160.004 ;
-165.988 1780.36 139.357 361.539 507.326 -333.155 ;
904.172 139.357 1547.57 382.927 -286.518 -273.694 ;
-56.7975 361.539 382.927 433.114 -71.0305 -67.6098 ;
-167.28 507.326 -286.518 -71.0305 382.629 -200.331 ;
-160.004 -333.155 -273.694 -67.6098 -200.331 261.647 ;
]
+++++++++++++
Iter 4

Size = 6
Data size = 21
[ 749.847 -152.944 896.463 -44.2289 -166.138 -158.125 ;
-152.944 1735.94 83.0055 291.35 523.677 -325.947 ;
896.463 83.0055 1462.01 310.648 -271.118 -257.742 ;
-44.2289 291.35 310.648 349.075 -57.725 -54.6683 ;
-166.138 523.677 -271.118 -57.725 384.308 -206.763 ;
-158.125 -325.947 -257.742 -54.6683 -206.763 261.925 ;
]
+++++++++++++
Iter 5

Size = 6
Data size = 21
[ 746.529 -178.414 899.308 -43.9315 -166.722 -158.484 ;
-178.414 1735.01 52.5702 288.21 536.262 -324.927 ;
899.308 52.5702 1468.69 306.778 -272.451 -258.683 ;
-43.9315 288.21 306.778 344.762 -57.0307 -53.9341 ;
-166.722 536.262 -272.451 -57.0307 386.088 -206.146 ;
-158.484 -324.927 -258.683 -53.9341 -206.146 259.952 ;
]
+++++++++++++
Iter 6

Size = 6
Data size = 21
[ 744.504 -180.076 897.514 -43.7788 -166.472 -158.087 ;
-180.076 1733.71 50.7347 287.968 536.628 -324.545 ;
897.514 50.7347 1466.74 306.542 -272.226 -258.209 ;
-43.7788 287.968 306.542 344.371 -57.015 -53.8655 ;
-166.472 536.628 -272.226 -57.015 386.148 -206.295 ;
-158.087 -324.545 -258.209 -53.8655 -206.295 259.958 ;
]
+++++++++++++
Iter 7

Size = 6
Data size = 21
[ 744.458 -180.323 897.542 -43.7632 -166.484 -158.076 ;
-180.323 1733.69 50.3522 287.851 536.772 -324.507 ;
897.542 50.3522 1466.72 306.417 -272.233 -258.179 ;
-43.7632 287.851 306.417 344.224 -56.9939 -53.8377 ;
-166.484 536.772 -272.233 -56.9939 386.162 -206.279 ;
-158.076 -324.507 -258.179 -53.8377 -206.279 259.901 ;
]
+++++++++++++
