============== BHHH ===============

Size = 6
Data size = 21
[ 424.153 355.587 381.916 -67.9394 -70.091 -46.7695 ;
355.587 1725.97 60.6323 -325.081 530.654 -239.391 ;
381.916 60.6323 1485.3 -262.514 -273.967 837.159 ;
-67.9394 -325.081 -262.514 261.827 -205.92 -147.596 ;
-70.091 530.654 -273.967 -205.92 384.839 -154.702 ;
-46.7695 -239.391 837.159 -147.596 -154.702 682.858 ;
]

============== Hessian ===============

Size = 6
Data size = 21
[ 423.806 354.767 377.584 -66.3903 -70.1697 -49.6391 ;
354.767 1733.77 55.6268 -324.604 534.452 -242.447 ;
377.584 55.6268 1466.69 -258.216 -272.182 826.362 ;
-66.3903 -324.604 -258.216 260.195 -206.277 -145.557 ;
-70.1697 534.452 -272.182 -206.277 385.797 -153.266 ;
-49.6391 -242.447 826.362 -145.557 -153.266 676.737 ;
]

