Iter 0

Size = 6
Data size = 21
[ 1714.28 1184.81 1187.11 -148.525 -336.369 -455.442 ;
1184.81 2455.92 5.6138 -307.862 507.843 -944.307 ;
1187.11 5.6138 2456.94 -307.528 -696.02 944.664 ;
-148.525 -307.862 -307.528 167.601 -87.1909 -118.298 ;
-336.369 507.843 -696.02 -87.1909 451.767 -267.542 ;
-455.442 -944.307 944.664 -118.298 -267.542 1093.58 ;
]
+++++++++++++
Iter 1

Size = 6
Data size = 21
[ 1046.58 835.91 862.139 -150.985 -171.115 -171.907 ;
835.91 2161.05 290.991 -390.397 508.924 -444.584 ;
862.139 290.991 2090.09 -366.296 -414.529 922.078 ;
-150.985 -390.397 -366.296 252.027 -160.584 -161.691 ;
-171.115 508.924 -414.529 -160.584 401.281 -182.766 ;
-171.907 -444.584 922.078 -161.691 -182.766 848.979 ;
]
+++++++++++++
Iter 2

Size = 6
Data size = 21
[ 554.762 464.579 491.338 -89.9602 -88.077 -64.6384 ;
464.579 1778.28 161.251 -344.434 507.089 -247.432 ;
491.338 161.251 1550.37 -284.156 -277.579 802.573 ;
-89.9602 -344.434 -284.156 265.235 -200.717 -147.178 ;
-88.077 507.089 -277.579 -200.717 379.926 -143.601 ;
-64.6384 -247.432 802.573 -147.178 -143.601 670.893 ;
]
+++++++++++++
Iter 3

Size = 6
Data size = 21
[ 443.86 370.327 394.347 -69.2908 -73.2749 -51.269 ;
370.327 1737.21 73.077 -325.154 527.508 -240.397 ;
394.347 73.077 1468.65 -258.371 -272.529 816.6 ;
-69.2908 -325.154 -258.371 260.483 -205.92 -143.732 ;
-73.2749 527.508 -272.529 -205.92 384.743 -151.446 ;
-51.269 -240.397 816.6 -143.732 -151.446 670.971 ;
]
+++++++++++++
Iter 4

Size = 6
Data size = 21
[ 426.881 356.625 379.536 -66.6737 -70.4892 -49.9722 ;
356.625 1734.53 56.4162 -324.424 534.121 -242.898 ;
379.536 56.4162 1468.11 -258.241 -272.268 826.846 ;
-66.6737 -324.424 -258.241 259.374 -205.786 -145.517 ;
-70.4892 534.121 -272.268 -205.786 385.499 -153.254 ;
-49.9722 -242.898 826.846 -145.517 -153.254 677.61 ;
]
+++++++++++++
Iter 5

Size = 6
Data size = 21
[ 424.596 355.439 378.265 -66.5172 -70.2896 -49.7479 ;
355.439 1734.08 56.1763 -324.668 534.269 -242.563 ;
378.265 56.1763 1467.5 -258.385 -272.306 826.437 ;
-66.5172 -324.668 -258.385 260.203 -206.217 -145.585 ;
-70.2896 534.269 -272.306 -206.217 385.767 -153.266 ;
-49.7479 -242.563 826.437 -145.585 -153.266 676.883 ;
]
+++++++++++++
Iter 6

Size = 6
Data size = 21
[ 423.829 354.789 377.609 -66.3969 -70.1729 -49.6374 ;
354.789 1733.75 55.6817 -324.613 534.434 -242.422 ;
377.609 55.6817 1466.64 -258.214 -272.166 826.299 ;
-66.3969 -324.613 -258.214 260.205 -206.284 -145.55 ;
-70.1729 534.434 -272.166 -206.284 385.794 -153.251 ;
-49.6374 -242.422 826.299 -145.55 -153.251 676.687 ;
]
+++++++++++++
Iter 7

Size = 6
Data size = 21
[ 423.806 354.767 377.584 -66.3903 -70.1697 -49.6391 ;
354.767 1733.77 55.6268 -324.604 534.452 -242.447 ;
377.584 55.6268 1466.69 -258.216 -272.182 826.362 ;
-66.3903 -324.604 -258.216 260.195 -206.277 -145.557 ;
-70.1697 534.452 -272.182 -206.277 385.797 -153.266 ;
-49.6391 -242.447 826.362 -145.557 -153.266 676.737 ;
]
+++++++++++++
