============== BHHH ===============

Size = 6
Data size = 21
[ 750.943 -171.213 908.243 -40.7681 -167.191 -160.65 ;
-171.213 1725.86 60.7392 287.485 530.603 -325.083 ;
908.243 60.7392 1485.12 310.681 -273.893 -262.494 ;
-40.7681 287.485 310.681 343.942 -57.5448 -54.8668 ;
-167.191 530.603 -273.893 -57.5448 384.815 -205.933 ;
-160.65 -325.083 -262.494 -54.8668 -205.933 261.831 ;
]

============== Hessian ===============

Size = 6
Data size = 21
[ 744.458 -180.323 897.542 -43.7632 -166.484 -158.076 ;
-180.323 1733.69 50.3522 287.851 536.772 -324.507 ;
897.542 50.3522 1466.72 306.417 -272.233 -258.179 ;
-43.7632 287.851 306.417 344.224 -56.9939 -53.8377 ;
-166.484 536.772 -272.233 -56.9939 386.162 -206.279 ;
-158.076 -324.507 -258.179 -53.8377 -206.279 259.901 ;
]

