============== BHHH ===============

Size = 7
Data size = 28
[ 384.662 530.128 13.141 -273.897 -167.136 -205.841 -57.621 ;
530.128 1724.33 44.0023 60.7084 -171.044 -324.799 287.233 ;
13.141 44.0023 1.80315 2.55716 -3.95582 -8.30205 7.78701 ;
-273.897 60.7084 2.55716 1485.1 908.238 -262.487 310.67 ;
-167.136 -171.044 -3.95582 908.238 750.918 -160.681 -40.7418 ;
-205.841 -324.799 -8.30205 -262.487 -160.681 261.775 -54.8193 ;
-57.621 287.233 7.78701 310.67 -40.7418 -54.8193 343.896 ;
]

============== Hessian ===============

Size = 7
Data size = 28
[ 386.009 536.302 13.4849 -272.236 -166.429 -206.188 -57.0681 ;
536.302 1732.2 44.2602 50.3266 -180.157 -324.227 287.606 ;
13.4849 44.2602 9.80272 1.89064 -4.27136 -8.2921 7.53058 ;
-272.236 50.3266 1.89064 1466.7 897.534 -258.173 306.408 ;
-166.429 -180.157 -4.27136 897.534 744.432 -158.106 -43.7362 ;
-206.188 -324.227 -8.2921 -258.173 -158.106 259.844 -53.7921 ;
-57.0681 287.606 7.53058 306.408 -43.7362 -53.7921 344.18 ;
]

