Iter 0

Size = 7
Data size = 28
[ 451.767 507.843 -0.156549 -696.02 -354.608 -87.1909 -249.303 ;
507.843 2455.92 -0.753432 5.6138 -636.791 -307.862 877.295 ;
-0.156549 -0.753432 -18.3972 0.000669072 0.187597 0.0913801 -0.25775 ;
-696.02 5.6138 0.000669072 2456.94 1252.4 -307.528 879.378 ;
-354.608 -636.791 0.187597 1252.4 1434.13 -156.895 -447.561 ;
-87.1909 -307.862 0.0913801 -307.528 -156.895 167.601 -109.928 ;
-249.303 877.295 -0.25775 879.378 -447.561 -109.928 1357.97 ;
]
+++++++++++++
Iter 1

Size = 7
Data size = 28
[ 393.932 543.223 4.76805 -382.532 -217.452 -166.274 -101.782 ;
543.223 2010.44 17.6699 124.313 -315.86 -365.63 540.253 ;
4.76805 17.6699 249.562 1.29757 -2.6528 -3.30154 4.80326 ;
-382.532 124.313 1.29757 2026.95 1153.31 -370.656 538.029 ;
-217.452 -315.86 -2.6528 1153.31 1025.03 -211.055 -128.649 ;
-166.274 -365.63 -3.30154 -370.656 -211.055 258.361 -98.2025 ;
-101.782 540.253 4.80326 538.029 -128.649 -98.2025 667.121 ;
]
+++++++++++++
Iter 2

Size = 7
Data size = 28
[ 386.66 544.16 6.06634 -274.238 -164.762 -205.205 -60.5708 ;
544.16 1746.43 19.6808 56.3151 -200.562 -337.069 316.192 ;
6.06634 19.6808 21.0063 0.880139 -2.13017 -3.83505 3.64325 ;
-274.238 56.3151 0.880139 1516.63 911.882 -277.319 334.166 ;
-164.762 -200.562 -2.13017 911.882 757.723 -166.839 -49.2202 ;
-205.205 -337.069 -3.83505 -277.319 -166.839 265.59 -60.9869 ;
-60.5708 316.192 3.64325 334.166 -49.2202 -60.9869 377.881 ;
]
+++++++++++++
Iter 3

Size = 7
Data size = 28
[ 384.433 525.203 8.61577 -272.983 -167.966 -206.007 -57.213 ;
525.203 1735.22 28.9677 76.4407 -156.066 -324.977 288.893 ;
8.61577 28.9677 11.2386 1.66793 -2.38461 -5.42313 4.93496 ;
-272.983 76.4407 1.66793 1471.19 905.91 -259.201 307.532 ;
-167.966 -156.066 -2.38461 905.91 757.188 -159.706 -44.3893 ;
-206.007 -324.977 -5.42313 -259.201 -159.706 261.483 -54.0674 ;
-57.213 288.893 4.93496 307.532 -44.3893 -54.0674 346.239 ;
]
+++++++++++++
Iter 4

Size = 7
Data size = 28
[ 385.979 535.896 12.3556 -272.465 -166.698 -206.078 -57.0808 ;
535.896 1733.82 40.6215 52.4757 -178.216 -324.663 287.875 ;
12.3556 40.6215 11.0023 1.78464 -3.86977 -7.61439 6.91071 ;
-272.465 52.4757 1.78464 1468.48 899.265 -258.596 306.651 ;
-166.698 -178.216 -3.86977 899.265 746.473 -158.472 -43.8876 ;
-206.078 -324.663 -7.61439 -258.596 -158.472 259.881 -53.8644 ;
-57.0808 287.875 6.91071 306.651 -43.8876 -53.8644 344.583 ;
]
+++++++++++++
Iter 5

Size = 7
Data size = 28
[ 386.007 536.208 13.3207 -272.24 -166.438 -206.204 -57.0751 ;
536.208 1732.26 43.7311 50.6036 -179.938 -324.259 287.657 ;
13.3207 43.7311 9.80051 1.87462 -4.21475 -8.19335 7.44141 ;
-272.24 50.6036 1.87462 1466.73 897.575 -258.194 306.456 ;
-166.438 -179.938 -4.21475 897.575 744.523 -158.122 -43.745 ;
-206.204 -324.259 -8.19335 -258.194 -158.122 259.892 -53.8051 ;
-57.0751 287.657 7.44141 306.456 -43.745 -53.8051 344.244 ;
]
+++++++++++++
Iter 6

Size = 7
Data size = 28
[ 386.009 536.302 13.4849 -272.236 -166.429 -206.188 -57.0681 ;
536.302 1732.2 44.2602 50.3266 -180.157 -324.227 287.606 ;
13.4849 44.2602 9.80272 1.89064 -4.27136 -8.2921 7.53058 ;
-272.236 50.3266 1.89064 1466.7 897.534 -258.173 306.408 ;
-166.429 -180.157 -4.27136 897.534 744.432 -158.106 -43.7362 ;
-206.188 -324.227 -8.2921 -258.173 -158.106 259.844 -53.7921 ;
-57.0681 287.606 7.53058 306.408 -43.7362 -53.7921 344.18 ;
]
+++++++++++++
